Total population: 100
[ 2.36431 2.03325 4.32654 13.8091 -0.353211 ]
[ -2.24967 2.59168 4.67359 -0.187279 0.268707 ]
[ 7.21164 1.80447 -3.34288 -11.7899 0.759953 ]
[ -1.53508 4.36683 3.62861 3.98389 -0.92515 ]
[ 2.88199 0.192081 -5.62627 -4.8328 -1.12744 ]
[ 1.76163 1.23246 4.38891 -1.87904 -10.1048 ]
[ 1.67647 -6.4815 0.562056 4.93396 1.09233 ]
[ -7.71184 5.28439 1.44603 -3.60139 -4.79235 ]
[ 6.6294 3.03408 3.29207 3.68154 -13.5069 ]
[ -3.72279 2.93239 -3.64553 8.02985 -7.69137 ]
[ -2.1711 1.17289 4.28602 -1.91752 -4.4602 ]
[ 5.99328 -4.39959 5.50599 0.0130895 -2.08932 ]
[ -5.69552 1.60949 -2.43573 -1.08106 -11.0839 ]
[ 2.17047 -10.799 -8.13627 4.20446 6.0969 ]
[ -6.8767 4.53104 -6.59081 -2.88393 4.54911 ]
[ -2.3461 2.41104 -1.18618 -0.988379 -0.92827 ]
[ 5.07314 -3.07847 2.9602 2.75368 -2.3015 ]
[ -5.31419 -8.33964 3.12143 1.83784 3.98735 ]
[ -0.76608 -3.02252 0.643743 3.05055 -3.64287 ]
[ 2.21786 4.58035 12.2169 2.78546 8.41866 ]
[ -0.583106 6.07207 -0.0167607 7.73617 6.00052 ]
[ 1.40619 8.74172 -3.05396 -4.50531 -8.90714 ]
[ 3.20585 1.44929 -0.548593 -3.98416 -2.6874 ]
[ -3.14714 -12.3248 2.20897 -1.99723 1.28764 ]
[ -6.21612 -2.05981 3.24483 -9.23395 -7.63089 ]
[ -5.12783 -4.93795 -3.82592 -3.70688 0.843727 ]
[ 0.909483 -8.74329 -3.53767 -9.67904 4.09802 ]
[ -4.2684 3.30663 -2.39879 3.08046 -0.489008 ]
[ -7.73439 -3.33108 -3.19726 -9.52732 2.0764 ]
[ 6.53825 5.03349 -8.0622 -1.92931 -2.5076 ]
[ -4.01329 -7.08292 2.7544 -3.00926 -9.68012 ]
[ 3.19351 2.52845 1.06242 10.3816 -3.07996 ]
[ -1.4478 0.229972 4.81668 -7.0493 8.59624 ]
[ 3.15243 1.6569 -1.41306 -0.32918 1.93731 ]
[ 3.73654 0.352411 9.05422 5.74745 2.73747 ]
[ 5.13541 -2.61747 -4.59074 -3.58161 -7.11347 ]
[ 3.77793 -3.32221 2.18475 1.49737 -7.79938 ]
[ 4.18092 1.98749 -1.32713 2.01469 -4.3065 ]
[ -0.0793981 -0.280732 1.49763 -0.644416 8.99284 ]
[ 0.698624 -13.2807 2.01436 -2.91102 -8.37823 ]
[ -5.65581 4.6437 3.38389 -2.63768 -8.21371 ]
[ 2.09815 -3.83603 -10.2899 2.46879 1.32916 ]
[ -4.66228 -2.70043 3.43342 -4.34104 1.74222 ]
[ -5.39542 0.0652068 2.22318 -1.33162 2.07058 ]
[ -1.15682 1.16247 -4.04276 -0.845701 -0.840786 ]
[ -1.1604 -0.294293 -0.652524 7.99622 5.14626 ]
[ 2.79786 5.69375 1.69658 -2.76511 7.77714 ]
[ -9.22628 -3.99436 4.7239 4.57104 1.3323 ]
[ -3.1226 -7.78289 5.09871 0.53887 0.20232 ]
[ 3.30325 4.61863 -4.0811 4.12191 -1.48986 ]
[ 3.98424 3.38009 -2.79363 3.80702 7.22763 ]
[ 8.01741 -1.92858 -4.00024 -0.650004 1.01043 ]
[ -6.4749 -17.4359 -4.19924 1.99833 -10.5942 ]
[ -2.3426 -1.9039 -2.2291 -0.150031 0.454357 ]
[ 6.4805 -4.07951 -5.6911 0.988776 -6.46816 ]
[ 3.47554 9.15199 1.2303 -8.8131 6.01145 ]
[ -0.374365 6.08477 -4.29767 5.90604 3.01843 ]
[ -6.11285 6.91721 8.332 11.1704 -1.43773 ]
[ -2.31652 -15.3598 -0.0449452 0.44585 5.70093 ]
[ -3.60502 -2.74961 -1.10753 7.25967 -7.39342 ]
[ 2.79087 9.44562 2.01147 1.03599 -2.2878 ]
[ 0.904585 2.39931 -0.734733 1.94008 -2.00981 ]
[ 1.87927 -6.83803 -3.89833 -7.37547 2.46415 ]
[ -6.00663 -8.87072 3.53436 -6.65883 0.508414 ]
[ -0.769678 3.79053 5.25766 1.61445 -3.73829 ]
[ 0.22153 2.69812 12.9334 0.849657 1.1802 ]
[ 3.8928 -8.923 -6.30392 8.1111 -1.20256 ]
[ 1.29527 8.37441 2.67107 0.727297 6.01853 ]
[ -2.22287 -2.13818 7.69926 -1.05323 3.42188 ]
[ -5.98525 6.67168 -0.0220685 -4.65249 -5.66834 ]
[ -3.78756 3.84603 0.65112 1.69338 -4.77759 ]
[ 7.50674 5.74779 -4.12775 -0.892196 -10.5545 ]
[ -0.633545 -2.95261 -2.65056 -9.79409 3.15606 ]
[ -5.06673 -3.88432 -0.821643 2.11778 -9.57319 ]
[ -0.434948 6.80571 -11.0758 -1.43754 -1.4456 ]
[ -6.0602 -1.85855 -0.375232 1.35167 1.59971 ]
[ 5.56343 -0.299158 -2.86327 -1.27459 8.08601 ]
[ 1.41628 -8.29666 1.714 -0.129099 -4.82916 ]
[ 1.75193 1.00911 0.864738 9.74422 0.920044 ]
[ -1.5851 -5.01722 6.86389 -12.1596 -5.59162 ]
[ 10.1103 -9.3188 -4.61244 0.515161 -4.30454 ]
[ -9.37844 -0.518431 3.10569 1.51036 0.383972 ]
[ -1.28473 0.46946 1.77331 -5.89739 9.63803 ]
[ 4.3466 -3.58345 -9.75781 -0.558812 6.49197 ]
[ -8.04604 -0.00227686 -8.33944 -0.771834 3.70408 ]
[ -7.99975 -0.412524 -6.55296 -9.54997 -3.15646 ]
[ 2.15372 7.38081 1.29441 1.04819 1.11036 ]
[ -7.10189 1.99098 1.21404 1.4441 -3.6864 ]
[ -1.17119 1.50749 4.22828 1.16271 -1.05958 ]
[ -4.30397 1.84074 -6.7261 -2.36935 -0.809859 ]
[ -10.6346 -8.31806 -5.99829 -1.67338 8.02992 ]
[ 7.1282 -1.19718 -2.23545 -5.43865 -3.2786 ]
[ 4.76136 2.45432 1.93257 1.1777 7.48712 ]
[ 6.42682 0.237696 -4.23594 -2.45988 -6.1226 ]
[ 0.4656 -3.3236 2.73492 -2.36938 -3.52402 ]
[ 2.76784 2.18879 -4.08005 -8.06408 -2.74443 ]
[ 2.95283 1.75764 2.16461 -5.05258 -5.05053 ]
[ 3.71302 -6.49186 0.83909 5.86049 7.54394 ]
[ -3.19838 -10.22 -2.45127 -4.09771 -2.69955 ]
[ 8.348 1.49284 -0.81435 2.07108 -6.49406 ]
