Total population: 100
[ 2.69431 -4.8821 7.93117 -2.33161 7.18609 ]
[ -10.1337 -8.34159 -11.5767 3.14974 7.37704 ]
[ 4.52821 -0.608683 6.46504 5.03248 1.25368 ]
[ -0.117716 -2.43984 4.20639 -1.08624 1.58756 ]
[ -4.70784 -1.51259 6.03109 5.33228 6.45208 ]
[ 0.269505 -7.08946 -1.94519 5.65774 -0.00236887 ]
[ 4.09853 0.214698 -10.1344 -5.26856 2.20106 ]
[ 1.28101 -4.0964 -5.69063 9.85336 0.425348 ]
[ -6.13095 -4.54952 4.08178 -9.00747 -3.3894 ]
[ 3.67756 6.29249 -7.4971 9.05667 10.3549 ]
[ -1.89751 11.4689 5.34091 -3.57799 1.81022 ]
[ 3.24684 -3.73318 3.11675 11.9744 8.61785 ]
[ -3.83806 4.33591 1.11393 -1.62338 7.74888 ]
[ 0.340611 0.877724 1.83863 6.25839 -0.754844 ]
[ -5.50493 4.90626 5.1445 4.76825 7.86349 ]
[ -4.22449 -2.09541 2.07941 3.08356 0.0138809 ]
[ -1.56557 0.231267 -1.13762 0.973527 -2.96058 ]
[ -4.92477 6.01787 -2.2663 -3.5813 2.75278 ]
[ -0.142027 3.27095 5.70559 -5.11758 1.81226 ]
[ -1.63899 -0.682891 6.77524 -6.44724 7.39969 ]
[ -1.78592 -4.01547 3.33959 1.70061 -6.98939 ]
[ -6.24357 -0.425949 7.96422 11.879 2.90688 ]
[ 3.64834 -4.84434 8.36193 7.85751 -5.02113 ]
[ 2.38841 5.02793 -8.3983 12.6009 -7.68084 ]
[ -0.0364143 3.4859 2.21312 0.95333 -0.0322701 ]
[ -7.79464 -3.90943 2.97358 9.82854 -3.2774 ]
[ -1.77491 -3.63969 4.62751 2.30099 -9.53128 ]
[ 6.51271 3.27319 4.17165 -2.67352 -4.32725 ]
[ -0.954169 1.67924 1.01969 -6.22565 0.833843 ]
[ 7.82271 -2.64535 -0.822672 -1.16533 -5.13284 ]
[ -1.19126 3.83899 -3.09766 2.71102 -2.58879 ]
[ 14.8537 5.7607 2.17579 1.93739 4.29854 ]
[ -1.24561 3.35346 -6.8786 0.792367 0.813613 ]
[ -2.46834 -0.396918 -0.687123 -7.71336 -4.85383 ]
[ -7.01044 8.40124 7.05411 6.78315 0.353116 ]
[ -7.30023 6.34656 -4.48604 6.0464 -5.91815 ]
[ -14.1129 0.335448 -8.16174 4.22549 0.282854 ]
[ -10.2091 3.03719 3.73296 -6.06425 -5.25906 ]
[ 6.48429 5.61184 -9.94892 -0.980922 -4.49565 ]
[ 0.494913 0.0242605 -7.44891 -2.92636 7.13957 ]
[ -5.69018 4.49816 7.94948 -3.72129 -5.6608 ]
[ -7.58493 4.39136 3.57747 1.12258 -2.42806 ]
[ 10.6934 -5.05803 -4.34438 -7.59945 -1.8715 ]
[ -0.806566 -7.67534 -10.7973 -5.08989 3.46448 ]
[ -7.68299 3.73376 9.76886 3.44645 -10.8008 ]
[ -3.82034 3.20722 2.87285 0.840848 -1.04248 ]
[ -0.131258 -12.8056 -8.08817 -3.40628 -1.67819 ]
[ -6.0257 -7.30057 -0.705035 -15.3506 5.40263 ]
[ 3.52007 -8.69899 -4.79075 7.40607 -5.44605 ]
[ -1.60008 8.29932 -3.58595 6.53361 -1.33697 ]
[ -2.08381 0.552328 -2.76808 3.99468 2.25178 ]
[ 1.33534 8.2071 -4.32549 0.565711 -2.66459 ]
[ -3.18982 -2.89329 -6.76762 -5.82098 1.42304 ]
[ 1.25006 0.161214 -5.83647 -3.78167 -0.0697393 ]
[ 4.19591 -0.271677 8.34353 -5.03135 7.19122 ]
[ -0.129551 -1.70577 -2.11477 -0.541949 -15.3584 ]
[ 4.17014 1.41439 0.923065 -4.62585 -0.587188 ]
[ 1.44496 -0.948224 0.497688 -6.64652 0.201212 ]
[ 1.36807 -2.72157 -5.53667 3.50558 -0.0517034 ]
[ 8.84926 -0.0663455 -10.4206 1.27716 -1.36618 ]
[ 1.50208 4.58516 5.46503 0.0101165 -7.06432 ]
[ -4.3514 0.895297 8.57836 -2.2415 -3.15046 ]
[ -1.50437 -0.698965 8.13618 -11.2048 -2.72062 ]
[ -3.2528 8.82553 5.62146 1.15487 -0.951951 ]
[ -7.75585 1.72902 0.372969 5.35851 0.395441 ]
[ -5.03205 16.2757 8.93761 -5.72223 -5.60143 ]
[ 5.15637 -0.66682 0.103844 1.99378 -9.43814 ]
[ 4.11196 -4.72116 -0.636376 1.71013 -3.80839 ]
[ -3.04214 5.76108 -6.76725 2.7693 0.966166 ]
[ -3.7691 -7.62724 1.09459 8.07429 2.76823 ]
[ -2.07932 3.12267 2.97726 6.21585 0.767292 ]
[ -1.88849 -2.92397 -1.81196 -0.366415 -2.22493 ]
[ -0.575137 0.343471 1.63361 1.37964 -2.12368 ]
[ 0.0112651 -1.48053 -2.47686 -2.92907 5.84739 ]
[ -4.84612 6.7922 -5.93686 -14.1985 -1.98578 ]
[ -5.99922 0.686563 -14.3937 -6.13506 4.81945 ]
[ 0.516961 -1.71541 0.377388 2.08768 6.76455 ]
[ 3.7164 -1.73472 -3.4082 6.8873 -8.09438 ]
[ 1.63844 1.99629 4.50466 -1.10266 -11.7032 ]
[ -1.94653 6.06995 -0.528976 5.0368 -7.41446 ]
[ 0.797368 3.23159 1.53926 0.859226 0.935497 ]
[ -5.45484 -1.7468 -2.32569 -2.54001 -6.91286 ]
[ -1.79279 1.3333 0.0396857 1.73935 3.5675 ]
[ -3.65001 8.57211 0.812735 -0.977593 8.45436 ]
[ 2.11356 0.0281455 3.51382 2.48749 -1.00127 ]
[ 8.31896 0.813589 4.57005 -10.6203 -0.619536 ]
[ 9.42183 0.363057 2.6632 -5.39343 -8.27614 ]
[ 0.680248 4.94381 1.37978 -0.00226535 -6.54282 ]
[ 4.43056 5.18874 6.55029 2.39284 -1.60665 ]
[ -5.68744 -4.87421 -1.65056 -3.74668 -0.254522 ]
[ 2.60585 -3.2171 -5.82006 -0.806443 2.85622 ]
[ 3.60673 -3.29485 2.51588 -1.73995 -1.67259 ]
[ 3.38795 0.152142 -2.60941 7.16556 2.28394 ]
[ -3.00896 -7.01535 7.66507 -2.47007 4.27402 ]
[ -2.4728 4.90028 0.417465 -1.81322 -4.46229 ]
[ -7.44382 4.59747 -1.51693 -2.85594 -0.642689 ]
[ -5.0593 -8.48834 1.6987 3.5261 -3.56452 ]
[ -6.75741 2.17872 2.77925 -4.1528 0.523305 ]
[ -3.89761 6.26186 4.40839 -3.70659 7.57184 ]
[ 6.7418 -8.01866 1.15922 -3.02711 1.37058 ]
